0 0.3309895833333333 0.5650752314814815 0.07078703703703706 0.06925925925925931
0 0.29897569444444444 0.4851331018518518 0.07087962962962964 0.07238425925925931
0 0.42364004629629626 0.33914930555555556 0.08006944444444439 0.06620370370370363
0 0.48624421296296294 0.28335069444444444 0.07708333333333321 0.07086805555555556
0 0.6497048611111111 0.19938657407407406 0.1560416666666667 0.09957175925925928
0 0.7906828703703704 0.05664930555555555 0.14050925925925917 0.1025810185185185
0 0.3286516203703704 0.6439814814814815 0.07488425925925926 0.10209490740740748
0 0.4738773148148148 0.5161226851851852 0.10921296296296301 0.10078703703703695
0 0.4278356481481481 0.5931423611111111 0.08116898148148159 0.05059027777777771
0 0.4036284722222222 0.645318287037037 0.07685185185185191 0.06305555555555564
0 0.37331018518518516 0.6927604166666667 0.06439814814814823 0.06452546296296298
0 0.3133738425925926 0.7376388888888888 0.07395833333333339 0.07084490740740748
0 0.26831597222222225 0.834201388888889 0.10259259259259261 0.08824074074074062