0 0.3421875 0.534375 0.059375 0.059375
0 0.31796875 0.45390625 0.06015625 0.0625
0 0.4515625 0.32578125 0.0703125 0.05625
0 0.51640625 0.2796875 0.065625 0.06015625
0 0.68203125 0.21640625 0.13984375 0.07890625
0 0.83125 0.09296875 0.12265625 0.08828125
0 0.3328125 0.61015625 0.05859375 0.0921875
0 0.484375 0.503125 0.09375 0.08671875
0 0.4328125 0.57265625 0.07265625 0.03984375
0 0.40546875 0.6203125 0.0671875 0.05234375
0 0.371875 0.6625 0.0546875 0.05625
0 0.31015625 0.6984375 0.06171875 0.0609375
0 0.2578125 0.7875 0.08828125 0.075