0 0.2970833333333333 0.45833333333333337 0.0916666666666666 0.08784722222222215
0 0.3223958333333333 0.37118055555555557 0.09343750000000002 0.09100694444444449
0 0.5147916666666668 0.3169791666666667 0.09958333333333336 0.08958333333333339
0 0.5990624999999999 0.30496527777777777 0.09812499999999993 0.09111111111111114
0 0.7824479166666667 0.3274131944444444 0.18000000000000008 0.14909722222222221
0 0.9435416666666665 0.2863888888888889 0.08145833333333315 0.14534722222222224
0 0.24510416666666668 0.5242361111111111 0.10927083333333334 0.11788194444444447
0 0.44260416666666663 0.49878472222222225 0.1397916666666667 0.13104166666666667
0 0.3556770833333333 0.5389409722222223 0.09239583333333332 0.07538194444444439
0 0.3044791666666667 0.5697222222222222 0.09458333333333328 0.08479166666666664
0 0.24994791666666663 0.5919965277777778 0.08499999999999996 0.08145833333333333
0 0.17479166666666665 0.5960069444444445 0.09499999999999997 0.09104166666666665
0 0.0765625 0.6535763888888889 0.12791666666666668 0.11673611111111111