0 0.7550347222222223 0.3127083333333333 0.09548611111111108 0.08974537037037038
0 0.8315972222222221 0.3976736111111111 0.11012731481481489 0.10547453703703695
0 0.7793113425925926 0.60671875 0.1648726851851851 0.1496180555555556
0 0.705150462962963 0.4991087962962963 0.09866898148148148 0.09133101851851855
0 0.9322627314814815 0.5703414351851852 0.09120370370370381 0.10064814814814813
0 0.9298321759259259 0.6992650462962964 0.09230324074074084 0.08815972222222221
0 0.9476273148148149 0.7462847222222223 0.053935185185185475 0.10662037037037031
0 0.8167245370370371 0.714837962962963 0.0921875 0.08503472222222222
0 0.7604166666666667 0.7581828703703704 0.06516203703703702 0.07233796296296298
0 0.6006655092592592 0.324068287037037 0.1656828703703704 0.12931712962962968
0 0.591550925925926 0.23256944444444444 0.13825231481481487 0.14785879629629636
0 0.4994212962962963 0.2514236111111111 0.09797453703703703 0.11475694444444447
0 0.3200520833333333 0.47359375000000004 0.1143518518518519 0.09300925925925937
0 0.38359375 0.5725289351851852 0.16793981481481488 0.1480787037037036
0 0.17685185185185184 0.37328703703703703 0.0743634259259259 0.06771990740740748
0 0.14169560185185187 0.4363252314814815 0.08258101851851851 0.07871527777777772
0 0.08003472222222222 0.45540509259259265 0.08784722222222223 0.09437500000000014