0 0.7546006944444444 0.4697048611111111 0.08025462962962955 0.07534722222222215
0 0.7570370370370371 0.36114583333333333 0.09160879629629637 0.08989583333333329
0 0.5947222222222223 0.25678819444444445 0.1424884259259258 0.1218055555555555
0 0.6075173611111111 0.37793402777777774 0.08342592592592588 0.07704861111111105
0 0.7226793981481482 0.17776041666666664 0.0683101851851852 0.09354166666666668
0 0.6464814814814815 0.0898611111111111 0.08636574074074091 0.07093750000000001
0 0.6491145833333334 0.03546006944444444 0.1008912037037037 0.07092013888888889
0 0.5547164351851852 0.15869791666666666 0.07699074074074072 0.07052083333333332
0 0.4896643518518518 0.1686111111111111 0.04877314814814824 0.06614583333333335
0 0.6393923611111111 0.5661111111111111 0.15420138888888885 0.09579861111111114
0 0.6889178240740741 0.6325694444444444 0.10545138888888879 0.13576388888888893
0 0.6140914351851852 0.6827083333333334 0.0718055555555555 0.1061805555555555
0 0.35509259259259257 0.6552083333333333 0.10199074074074073 0.07163194444444443
0 0.3396064814814815 0.5458854166666667 0.14556712962962964 0.1203819444444445
0 0.31514467592592593 0.8184895833333332 0.06407407407407409 0.05590277777777786
0 0.2524884259259259 0.8002083333333333 0.06908564814814815 0.067048611111111
0 0.19779513888888892 0.8291666666666666 0.0665162037037037 0.08565972222222236