0 0.25078125 0.45 0.06328125 0.05546875
0 0.22734375 0.55078125 0.071875 0.06640625
0 0.3546875 0.6921875 0.11484375 0.0859375
0 0.3671875 0.575 0.065625 0.05546875
0 0.221875 0.73125 0.0453125 0.07734375
0 0.2734375 0.83359375 0.07109375 0.04765625
0 0.25859375 0.890625 0.08125 0.06171875
0 0.37109375 0.79453125 0.06171875 0.0515625
0 0.4328125 0.803125 0.0328125 0.0546875
0 0.37578125 0.39140625 0.134375 0.053125
0 0.34453125 0.315625 0.071875 0.11015625
0 0.42421875 0.28984375 0.04453125 0.090625
0 0.65546875 0.38515625 0.0875 0.04453125
0 0.64765625 0.49140625 0.11875 0.0828125
0 0.725 0.24375 0.05078125 0.03984375
0 0.778125 0.278125 0.05390625 0.04921875
0 0.834375 0.265625 0.04609375 0.06953125