0 0.60078125 0.334375 0.1078125 0.084375
0 0.66875 0.21171875 0.07265625 0.06875
0 0.71484375 0.4328125 0.06796875 0.0578125
0 0.821875 0.43359375 0.0921875 0.0671875
0 0.621875 0.5 0.06015625 0.0625
0 0.709375 0.58515625 0.05703125 0.046875
0 0.62890625 0.821875 0.03046875 0.02421875
0 0.546875 0.7453125 0.05546875 0.03125
0 0.35234375 0.67578125 0.13203125 0.12265625
0 0.3796875 0.553125 0.059375 0.0671875
0 0.37109375 0.8515625 0.06171875 0.065625
0 0.53359375 0.45859375 0.06953125 0.075
0 0.48203125 0.3046875 0.0453125 0.03125