0 0.48828125 0.7191550925925926 0.1390625 0.13068287037037046
0 0.48125 0.8642592592592593 0.0984375 0.09979166666666686
0 0.3390625 0.6748900462962963 0.0890625 0.08701388888888886
0 0.23828125 0.7195601851851852 0.115625 0.10811342592592581
0 0.39375 0.5718229166666667 0.084375 0.08687499999999986
0 0.2734375 0.5291956018518518 0.075 0.07253472222222221
0 0.2421875 0.27201967592592596 0.0390625 0.03709490740740744
0 0.35234375 0.3096585648148148 0.065625 0.05506944444444439
0 0.5640625 0.29249421296296296 0.178125 0.1787152777777777
0 0.59453125 0.4191782407407407 0.0859375 0.09160879629629637
0 0.4671875 0.1349363425925926 0.0859375 0.09004629629629628
0 0.49453125 0.5740277777777778 0.0984375 0.10447916666666668
0 0.6125 0.6970543981481482 0.05625 0.050104166666666575