0 0.38677662037037036 0.6227430555555555 0.14403935185185182 0.13026620370370381
0 0.27589699074074076 0.7362847222222222 0.10143518518518517 0.10057870370370381
0 0.29561921296296295 0.4846354166666667 0.09185185185185193 0.08616898148148149
0 0.18102430555555554 0.4529224537037037 0.12181712962962968 0.10601851851851851
0 0.41530671296296295 0.4379918981481482 0.0856481481481481 0.0890625
0 0.34792245370370367 0.32167245370370373 0.07758101851851854 0.07158564814814809
0 0.5070891203703705 0.09065393518518519 0.041157407407407476 0.03744212962962963
0 0.5711979166666666 0.19693287037037038 0.06951388888888896 0.05410879629629628
0 0.7575983796296296 0.3268229166666667 0.18225694444444454 0.18009259259259255
0 0.6906423611111111 0.45046296296296295 0.08728009259259259 0.09380787037037042
0 0.7922395833333333 0.13246527777777778 0.08725694444444443 0.09224537037037037
0 0.496875 0.5092303240740741 0.09996527777777775 0.10677083333333322
0 0.5042245370370371 0.688744212962963 0.058530092592592634 0.050578703703703806