0 0.33203125 0.459375 0.03515625 0.05859375
0 0.403125 0.45625 0.05078125 0.05234375
0 0.47265625 0.32578125 0.0484375 0.04140625
0 0.46796875 0.371875 0.04296875 0.028125
0 0.4375 0.6265625 0.06328125 0.05078125
0 0.3484375 0.54453125 0.0796875 0.0390625
0 0.23515625 0.5640625 0.046875 0.04453125
0 0.3 0.59140625 0.04921875 0.040625
0 0.2875 0.64765625 0.04375 0.0328125
0 0.325 0.6421875 0.0546875 0.04921875
0 0.38671875 0.690625 0.07421875 0.06328125
0 0.30390625 0.77109375 0.10625 0.08984375
0 0.5515625 0.33125 0.04609375 0.0484375
0 0.546875 0.40703125 0.0453125 0.05859375