0 0.6665914351851852 0.46161458333333333 0.03793981481481481 0.06020833333333329
0 0.593923611111111 0.45843749999999994 0.05353009259259274 0.05586805555555543
0 0.5195138888888889 0.32555555555555554 0.05032407407407398 0.04486111111111111
0 0.525318287037037 0.3709895833333333 0.0455324074074074 0.030694444444444448
0 0.5631944444444444 0.6335069444444444 0.06601851851851848 0.05458333333333343
0 0.6516203703703705 0.5495486111111111 0.0815509259259258 0.04243055555555557
0 0.7673784722222223 0.5700868055555556 0.048784722222222146 0.047951388888888856
0 0.7027546296296296 0.5983333333333334 0.05031250000000007 0.04329861111111111
0 0.7164525462962963 0.6548784722222223 0.04556712962962948 0.035381944444444355
0 0.6781365740740741 0.6493402777777778 0.058194444444444396 0.05284722222222218
0 0.6160127314814815 0.6987326388888888 0.07861111111111115 0.06736111111111107
0 0.7025520833333333 0.7818923611111112 0.11163194444444446 0.09621527777777779
0 0.4383101851851851 0.32999999999999996 0.04881944444444457 0.05263888888888886
0 0.4451331018518519 0.4074826388888889 0.04732638888888889 0.061979166666666606