0 0.3555729166666667 0.6230324074074074 0.06263888888888891 0.07563657407407405
0 0.4262326388888889 0.5930266203703705 0.07670138888888882 0.07615740740740726
0 0.5557118055555555 0.6891782407407407 0.06996527777777786 0.06498842592592595
0 0.5303645833333334 0.6470775462962963 0.056770833333333395 0.04890046296296298
0 0.37975694444444447 0.4100694444444445 0.08784722222222223 0.08125
0 0.3319444444444445 0.5315682870370371 0.10013888888888882 0.07702546296296298
0 0.21210069444444443 0.5641782407407407 0.06847222222222227 0.06649305555555554
0 0.2620138888888889 0.5075520833333333 0.06833333333333336 0.06336805555555554
0 0.22385416666666663 0.4588831018518519 0.060104166666666715 0.05370370370370381
0 0.26321180555555557 0.44646990740740744 0.0781944444444445 0.07465277777777786
0 0.3013194444444444 0.37071759259259257 0.10579861111111111 0.09907407407407405
0 0.18211805555555555 0.3297453703703704 0.14972222222222223 0.13969907407407406
0 0.6297569444444445 0.6473090277777778 0.070173611111111 0.06967592592592595
0 0.5905555555555555 0.5752025462962963 0.07378472222222214 0.0807291666666666