0 0.3633738425925926 0.43545138888888885 0.08099537037037034 0.10034722222222214
0 0.4715914351851852 0.3737673611111111 0.047812499999999855 0.08638888888888889
0 0.5424884259259259 0.3307638888888889 0.11082175925925916 0.10635416666666667
0 0.6883854166666666 0.29109375000000004 0.098738425925926 0.11986111111111111
0 0.6507696759259259 0.3989409722222222 0.08834490740740737 0.08506944444444446
0 0.5003240740740742 0.2225 0.10079861111111121 0.08406250000000001
0 0.3774652777777778 0.30309027777777775 0.0737268518518519 0.0656944444444445
0 0.3285590277777778 0.3431597222222222 0.07703703703703706 0.07208333333333332
0 0.41391782407407407 0.6833333333333333 0.0858680555555555 0.10680555555555564
0 0.533912037037037 0.5674131944444445 0.10378472222222221 0.07951388888888893
0 0.22833912037037035 0.7157638888888889 0.2070717592592593 0.19489583333333335
0 0.27584490740740736 0.8813715277777778 0.10484953703703699 0.11545138888888892