0 0.34375 0.44140625 0.0625 0.08203125
0 0.4328125 0.36640625 0.0328125 0.07421875
0 0.49140625 0.31484375 0.0890625 0.08203125
0 0.61796875 0.25390625 0.07578125 0.096875
0 0.6015625 0.359375 0.07109375 0.0671875
0 0.4359375 0.2234375 0.08359375 0.0625
0 0.3359375 0.3171875 0.0609375 0.05
0 0.29765625 0.3625 0.0625 0.0546875
0 0.42890625 0.66015625 0.06484375 0.08828125
0 0.5203125 0.53359375 0.0875 0.05859375
0 0.2640625 0.72109375 0.16796875 0.15078125
0 0.33359375 0.86484375 0.0828125 0.0921875