0 0.6325810185185186 0.5977083333333333 0.0968055555555555 0.10729166666666679
0 0.5185474537037037 0.63015625 0.0665162037037037 0.08565972222222218
0 0.44256365740740744 0.6530902777777777 0.12217592592592581 0.12090277777777772
0 0.29947916666666663 0.6555381944444445 0.11771990740740738 0.12850694444444458
0 0.3601678240740741 0.5652256944444445 0.09809027777777768 0.09798611111111111
0 0.45357060185185183 0.7605555555555555 0.10751157407407401 0.09996527777777775
0 0.5867881944444445 0.7155208333333333 0.08030092592592589 0.07690972222222214
0 0.6408043981481482 0.6904340277777777 0.08512731481481488 0.08180555555555565
0 0.6497858796296295 0.3599131944444444 0.10324074074074083 0.11381944444444443
0 0.5112905092592592 0.4380381944444444 0.10902777777777786 0.09847222222222225
0 0.8269270833333333 0.3715972222222222 0.22821759259259267 0.22392361111111114
0 0.8260416666666666 0.2097048611111111 0.12079861111111115 0.1270833333333333