0 0.5064236111111111 0.3517881944444444 0.10429398148148153 0.09444444444444447
0 0.43527199074074074 0.40802083333333333 0.0738194444444444 0.06722222222222225
0 0.3997222222222222 0.5274826388888889 0.09275462962962963 0.07388888888888889
0 0.3095775462962963 0.5396354166666667 0.08342592592592588 0.07524305555555558
0 0.30649305555555556 0.45928819444444446 0.07538194444444439 0.0672569444444445
0 0.37377314814814816 0.34927083333333336 0.08471064814814806 0.06590277777777782
0 0.41941550925925924 0.31078125 0.06246527777777775 0.05291666666666668
0 0.3825925925925926 0.26241319444444444 0.0930787037037037 0.0848263888888889
0 0.5560706018518518 0.2835416666666667 0.14781249999999985 0.08760416666666666
0 0.5876678240740741 0.16572916666666668 0.19898148148148137 0.18086805555555557
0 0.46312499999999995 0.17942708333333332 0.18534722222222227 0.24770833333333334
0 0.19267939814814813 0.7959722222222222 0.06931712962962963 0.0733680555555555
0 0.20657407407407408 0.9330729166666668 0.11303240740740747 0.12586805555555572
0 0.2773668981481482 0.7308506944444445 0.14456018518518512 0.1359375