0 0.53203125 0.625 0.08203125 0.06953125
0 0.4546875 0.59140625 0.0578125 0.05078125
0 0.3984375 0.4890625 0.075 0.0515625
0 0.3140625 0.50078125 0.065625 0.05546875
0 0.32734375 0.57578125 0.059375 0.04921875
0 0.41015625 0.6609375 0.06953125 0.04453125
0 0.46015625 0.68515625 0.05 0.0375
0 0.43671875 0.73828125 0.0734375 0.0625
0 0.590625 0.6765625 0.128125 0.05
0 0.64296875 0.77734375 0.1546875 0.1328125
0 0.5265625 0.79609375 0.12265625 0.20703125
0 0.15625 0.29296875 0.0515625 0.05703125
0 0.140625 0.16171875 0.08125 0.103125
0 0.24609375 0.33203125 0.1125 0.1015625