0 0.449681712962963 0.5925520833333333 0.115486111111111 0.11041666666666679
0 0.3926793981481481 0.5302083333333334 0.08091435185185185 0.07854166666666665
0 0.3897453703703704 0.40901041666666665 0.10021990740740741 0.08916666666666657
0 0.30377314814814815 0.3890625 0.09231481481481474 0.08708333333333336
0 0.2811747685185185 0.46838541666666667 0.08247685185185186 0.07864583333333322
0 0.3171527777777778 0.5834895833333333 0.09028935185185186 0.07916666666666661
0 0.3519675925925926 0.6263020833333334 0.0674884259259259 0.06208333333333336
0 0.3034201388888889 0.67078125 0.10233796296296296 0.09864583333333332
0 0.47883101851851856 0.6653125 0.151423611111111 0.11281250000000007
0 0.47873263888888895 0.78515625 0.21938657407407405 0.2091666666666665
0 0.3603645833333333 0.7603645833333333 0.22281250000000002 0.2669791666666669
0 0.2564178240740741 0.12453125000000001 0.079537037037037 0.08156249999999998
0 0.3048090277777778 0.029322916666666664 0.12788194444444442 0.05864583333333333
0 0.3221932870370371 0.19640625 0.1601736111111111 0.15541666666666668