0 0.5334606481481481 0.7486979166666666 0.07568287037037039 0.09322916666666678
0 0.5375925925925926 0.8639467592592591 0.08293981481481474 0.08414351851851834
0 0.4570717592592592 0.9736689814814815 0.1208912037037038 0.05266203703703702
0 0.3319212962962963 0.8993923611111111 0.09988425925925926 0.15960648148148165
0 0.28587962962962965 0.6721932870370371 0.09718749999999998 0.08778935185185191
0 0.402806712962963 0.7469907407407408 0.07916666666666661 0.07309027777777785
0 0.442505787037037 0.658420138888889 0.08697916666666679 0.07337962962962977
0 0.32427662037037036 0.5131076388888889 0.10563657407407404 0.07251157407407405
0 0.6493807870370369 0.391261574074074 0.13534722222222229 0.1266203703703704
0 0.4488020833333334 0.34076967592592594 0.13625000000000007 0.08923611111111107
0 0.40843749999999995 0.4802083333333334 0.08265046296296301 0.05295138888888893
0 0.2759432870370371 0.3774305555555556 0.11611111111111114 0.0651041666666667
0 0.5530729166666666 0.14027777777777778 0.1475462962962963 0.06938657407407404