0 0.5803645833333333 0.2286284722222222 0.1072916666666666 0.11011574074074071
0 0.6114583333333334 0.12053240740740741 0.11166666666666672 0.10546296296296295
0 0.7191666666666666 0.059548611111111115 0.12062500000000007 0.0758564814814815
0 0.8161458333333333 0.16591435185185185 0.15520833333333323 0.17293981481481477
0 0.7881770833333334 0.39123263888888893 0.12479166666666668 0.11493055555555554
0 0.7017187500000001 0.2785358796296296 0.10322916666666657 0.09603009259259263
0 0.6381770833333333 0.34544560185185186 0.10958333333333332 0.09763888888888897
0 0.703125 0.5223958333333333 0.12562499999999996 0.10400462962962961
0 0.36552083333333335 0.5116087962962963 0.17479166666666668 0.16215277777777787
0 0.53703125 0.6338368055555555 0.16020833333333329 0.1308101851851852
0 0.6163020833333334 0.5214756944444445 0.09729166666666664 0.07724537037037038
0 0.70796875 0.6653993055555556 0.13166666666666665 0.10092592592592595
0 0.379375 0.7780439814814815 0.1625 0.11833333333333336