0 0.53046875 0.2515625 0.0640625 0.08125
0 0.53984375 0.146875 0.071875 0.07265625
0 0.4734375 0.03828125 0.10625 0.05703125
0 0.35625 0.1078125 0.0828125 0.14140625
0 0.30234375 0.31171875 0.08359375 0.07578125
0 0.41171875 0.24765625 0.06875 0.0640625
0 0.44296875 0.3296875 0.075 0.0640625
0 0.32890625 0.45703125 0.0921875 0.06171875
0 0.61640625 0.578125 0.11640625 0.109375
0 0.43125 0.6171875 0.11875 0.07578125
0 0.403125 0.48984375 0.07265625 0.04453125
0 0.278125 0.578125 0.1015625 0.0546875
0 0.515625 0.8015625 0.13046875 0.05859375