0 0.5234375 0.31328125 0.07890625 0.07109375
0 0.6390625 0.42109375 0.084375 0.08671875
0 0.59296875 0.50625 0.06640625 0.059375
0 0.7078125 0.68359375 0.10546875 0.0859375
0 0.30703125 0.41875 0.0640625 0.05234375
0 0.2265625 0.40234375 0.05078125 0.04140625
0 0.1828125 0.44453125 0.06484375 0.0515625
0 0.2859375 0.33828125 0.05546875 0.04375
0 0.3421875 0.35625 0.04765625 0.05
0 0.4125 0.28046875 0.08046875 0.0578125
0 0.41640625 0.228125 0.0515625 0.0578125
0 0.4453125 0.19140625 0.0578125 0.04296875
0 0.3828125 0.153125 0.08203125 0.0515625