0 0.5803819444444445 0.3622511574074074 0.11565972222222225 0.10789351851851858
0 0.6388194444444444 0.5229976851851852 0.12899305555555554 0.12682870370370375
0 0.5508854166666667 0.5867592592592592 0.09770833333333329 0.09045138888888893
0 0.5727430555555555 0.8151909722222224 0.15128472222222217 0.13652777777777772
0 0.31760416666666663 0.3723900462962963 0.09111111111111114 0.08254629629629635
0 0.2465972222222222 0.3187905092592592 0.07159722222222217 0.06508101851851852
0 0.18387152777777777 0.3423611111111111 0.09111111111111114 0.08254629629629626
0 0.3380034722222222 0.28230324074074076 0.07805555555555559 0.06986111111111111
0 0.38296874999999997 0.3245775462962963 0.07350694444444442 0.0729166666666666
0 0.48953125000000003 0.28083912037037034 0.1104861111111111 0.09688657407407408
0 0.5198784722222223 0.23042245370370368 0.08173611111111115 0.08240740740740744
0 0.5670138888888889 0.20630208333333333 0.08125 0.07146990740740744
0 0.52546875 0.13977430555555553 0.11020833333333328 0.09063657407407408