0 0.3942997685185185 0.6583680555555556 0.09519675925925916 0.08677083333333328
0 0.30439814814814814 0.5369965277777778 0.10584490740740744 0.10437499999999993
0 0.3702835648148148 0.4569791666666667 0.0802083333333334 0.0736458333333335
0 0.29803240740740744 0.2655208333333333 0.1262731481481481 0.1068402777777778
0 0.6316550925925926 0.5761805555555556 0.07650462962962976 0.0656944444444445
0 0.7067997685185186 0.6024305555555556 0.059837962962962975 0.05093750000000004
0 0.7594618055555555 0.5642708333333333 0.07795138888888893 0.064201388888889
0 0.633275462962963 0.6594270833333333 0.06631944444444446 0.054340277777777855
0 0.5821180555555555 0.6352256944444445 0.060416666666666785 0.05874999999999986
0 0.49534143518518514 0.7029340277777777 0.09427083333333322 0.07427083333333329
0 0.47980324074074077 0.7550173611111111 0.06423611111111108 0.06826388888888886
0 0.4422743055555555 0.7886111111111112 0.06799768518518512 0.055972222222222354
0 0.49493634259259256 0.8345486111111111 0.09537037037037024 0.06809027777777779