2 0.30078125 0.49375 0.11015625 0.096875
2 0.27421875 0.5625 0.0796875 0.06796875
2 0.14609375 0.425 0.06875 0.08203125
2 0.3390625 0.384375 0.08984375 0.09140625
2 0.45 0.38046875 0.096875 0.10234375
2 0.5875 0.3828125 0.07421875 0.0765625
2 0.55234375 0.48984375 0.21171875 0.1125
2 0.51171875 0.6234375 0.10078125 0.115625
2 0.596875 0.603125 0.065625 0.07734375
2 0.77890625 0.62109375 0.08515625 0.11484375
2 0.83671875 0.33203125 0.05859375 0.05703125
2 0.6703125 0.228125 0.07578125 0.0578125
2 0.54921875 0.2796875 0.06796875 0.05703125
2 0.42890625 0.259375 0.0765625 0.04609375
2 0.4484375 0.309375 0.07421875 0.05703125
2 0.2609375 0.28515625 0.13046875 0.0671875
2 0.4109375 0.18828125 0.11171875 0.096875
2 0.54453125 0.11015625 0.084375 0.059375