2 0.30704282407407407 0.5303414351851852 0.12349537037037042 0.11027777777777778
2 0.27166087962962965 0.46211805555555563 0.08865740740740743 0.07877314814814831
2 0.15909722222222222 0.6151736111111111 0.07946759259259259 0.09120370370370363
2 0.3593865740740741 0.6361863425925925 0.10150462962962958 0.10230324074074063
2 0.47177083333333325 0.629207175925926 0.11106481481481474 0.11487268518518512
2 0.6097974537037038 0.6130439814814814 0.08408564814814809 0.08655092592592588
2 0.5613831018518518 0.5087905092592593 0.2270138888888889 0.13760416666666658
2 0.5039699074074073 0.37712962962962965 0.11752314814814824 0.12898148148148145
2 0.5924363425925925 0.3902835648148148 0.07627314814814809 0.08649305555555564
2 0.773900462962963 0.35335069444444445 0.0987268518518519 0.12571759259259263
2 0.8672106481481482 0.6407291666666667 0.06657407407407412 0.06454861111111114
2 0.7127662037037037 0.7614467592592593 0.08380787037037045 0.06780092592592588
2 0.5840625 0.7214351851851852 0.07594907407407411 0.06461805555555564
2 0.4650173611111111 0.7533622685185185 0.08362268518518512 0.05530092592592588
2 0.47753472222222226 0.7018981481481481 0.08222222222222228 0.0662268518518518
2 0.29225694444444444 0.7450520833333334 0.14026620370370368 0.08228009259259253
2 0.4559606481481481 0.8275057870370371 0.12505787037037025 0.11028935185185204
2 0.5998900462962963 0.8934085648148148 0.09164351851851844 0.06942129629629648