2 0.7036458333333333 0.5661458333333333 0.13552083333333337 0.12482638888888893
2 0.7460069444444445 0.5046180555555555 0.09725694444444458 0.08961805555555565
2 0.8419270833333332 0.6746354166666666 0.08968750000000014 0.10038194444444457
2 0.6417534722222222 0.6623784722222222 0.11343750000000004 0.11496527777777779
2 0.531076388888889 0.6364930555555556 0.12309027777777785 0.1276736111111111
2 0.39512152777777776 0.5975520833333333 0.0942708333333333 0.09579861111111114
2 0.45390625 0.5020312499999999 0.23954861111111114 0.16774305555555563
2 0.5238541666666666 0.38177083333333334 0.13121527777777775 0.14190972222222226
2 0.43555555555555553 0.3790277777777778 0.08642361111111115 0.09406250000000008
2 0.2583854166666667 0.3126215277777778 0.11392361111111118 0.1368402777777778
2 0.13706597222222222 0.5808854166666666 0.0734375 0.07190972222222225
2 0.2785243055555556 0.7269270833333333 0.09076388888888891 0.07854166666666665
2 0.4100868055555555 0.708767361111111 0.0828819444444445 0.07524305555555558
2 0.5244618055555555 0.7605034722222223 0.088923611111111 0.0660069444444444
2 0.5170138888888889 0.7064583333333333 0.08916666666666657 0.0769444444444444
2 0.697482638888889 0.7807465277777779 0.14750000000000013 0.10166666666666657
2 0.5261284722222223 0.8355034722222221 0.13711805555555562 0.126423611111111
2 0.37633680555555554 0.8766840277777778 0.09864583333333332 0.08184027777777772