2 0.6017708333333334 0.9011689814814815 0.16812500000000002 0.08918981481481474
2 0.42328124999999994 0.7953009259259259 0.14625000000000005 0.13532407407407412
2 0.5705729166666667 0.7384895833333334 0.07593750000000003 0.06306712962962954
2 0.7233333333333334 0.7402256944444444 0.07302083333333335 0.06609953703703689
2 0.8847916666666666 0.6845601851851851 0.10145833333333343 0.07162037037037053
2 0.9104166666666668 0.6110011574074073 0.11395833333333343 0.11877314814814817
2 0.8755208333333332 0.5102719907407407 0.16552083333333342 0.09690972222222224
2 0.7239583333333334 0.5499884259259259 0.07447916666666679 0.0645833333333334
2 0.624375 0.5122337962962963 0.07416666666666671 0.08328703703703688
2 0.591875 0.6705381944444444 0.07989583333333332 0.07565972222222221
2 0.6955208333333334 0.6752951388888888 0.06479166666666672 0.08300925925925924
2 0.4496875 0.6864930555555555 0.090625 0.07285879629629637
2 0.4721354166666666 0.6239872685185185 0.08239583333333336 0.06637731481481488
2 0.3086979166666667 0.6734490740740741 0.07437500000000004 0.08641203703703706
2 0.2324479166666667 0.6804050925925926 0.06749999999999998 0.07685185185185191
2 0.17635416666666665 0.7196412037037037 0.06791666666666667 0.0831018518518519
2 0.34765625 0.5298263888888888 0.10604166666666667 0.09358796296296283
2 0.4666666666666666 0.5302141203703703 0.12604166666666677 0.11289351851851848
2 0.5409375000000001 0.39963541666666663 0.16843749999999993 0.11726851851851858
2 0.6423958333333333 0.3363541666666666 0.10062499999999996 0.10590277777777786
2 0.8034375 0.16876157407407408 0.1125 0.12028935185185183
2 0.9246354166666666 0.34286458333333336 0.08374999999999985 0.08668981481481479
2 0.7213020833333333 0.48666087962962956 0.05395833333333329 0.060856481481481595
2 0.9264583333333334 0.17059606481481482 0.05916666666666685 0.09219907407407409
2 0.5031770833333333 0.2324537037037037 0.12666666666666657 0.0988773148148148
2 0.5998958333333333 0.23898148148148152 0.11010416666666671 0.1077430555555555
2 0.3010416666666667 0.39421875 0.09760416666666671 0.1073726851851852
2 0.2703125 0.3090219907407407 0.11020833333333328 0.1093055555555555
2 0.11135416666666667 0.4491550925925926 0.14895833333333336 0.1291666666666668
2 0.3732291666666666 0.43200231481481477 0.0802083333333333 0.08034722222222221