2 0.54453125 0.1265625 0.1484375 0.07734375
2 0.38828125 0.22734375 0.125 0.11953125
2 0.5265625 0.27578125 0.06640625 0.05625
2 0.665625 0.26953125 0.06171875 0.05859375
2 0.815625 0.31640625 0.08828125 0.06328125
2 0.84453125 0.3828125 0.096875 0.10625
2 0.81875 0.47578125 0.1453125 0.084375
2 0.67734375 0.44375 0.0640625 0.05703125
2 0.5890625 0.48046875 0.0625 0.075
2 0.55 0.3375 0.06953125 0.0671875
2 0.64453125 0.3296875 0.05390625 0.075
2 0.41875 0.3265625 0.07890625 0.06484375
2 0.44296875 0.3828125 0.071875 0.05859375
2 0.29140625 0.3421875 0.0625 0.07734375
2 0.221875 0.3375 0.05625 0.06875
2 0.16796875 0.30390625 0.05703125 0.07421875
2 0.3359375 0.471875 0.090625 0.08359375
2 0.44453125 0.46875 0.1078125 0.09921875
2 0.5203125 0.5859375 0.14765625 0.103125
2 0.61640625 0.640625 0.08671875 0.09375
2 0.7734375 0.7890625 0.09609375 0.1078125
2 0.8734375 0.6265625 0.071875 0.07734375
2 0.6796875 0.5015625 0.04609375 0.05390625
2 0.88515625 0.784375 0.04765625 0.08359375
2 0.4953125 0.73984375 0.11015625 0.08671875
2 0.58359375 0.73046875 0.0953125 0.0953125
2 0.3015625 0.596875 0.08203125 0.0953125
2 0.278125 0.675 0.0953125 0.09609375
2 0.125 0.55234375 0.12734375 0.1140625
2 0.36484375 0.5609375 0.06796875 0.071875