2 0.7080439814814815 0.14381944444444444 0.17534722222222215 0.14350694444444442
2 0.5215277777777778 0.1787152777777778 0.17326388888888894 0.17149305555555555
2 0.6315972222222223 0.2771180555555556 0.08888888888888893 0.08350694444444447
2 0.7640914351851852 0.32600694444444445 0.08582175925925935 0.08493055555555555
2 0.8868344907407408 0.42854166666666665 0.11134259259259238 0.10010416666666674
2 0.8872106481481481 0.5020833333333334 0.13958333333333356 0.14659722222222235
2 0.8258969907407409 0.5791493055555555 0.17552083333333357 0.14819444444444443
2 0.7069155092592593 0.49366319444444445 0.08732638888888893 0.08343749999999997
2 0.6098958333333334 0.49406249999999996 0.09259259259259274 0.09927083333333328
2 0.630150462962963 0.34369791666666666 0.0955439814814815 0.0947222222222222
2 0.7212673611111111 0.3740798611111111 0.08466435185185191 0.09579861111111114
2 0.5113136574074074 0.28324652777777776 0.10347222222222215 0.09819444444444443
2 0.5112847222222222 0.34585069444444444 0.09375 0.08840277777777779
2 0.385619212962963 0.2489236111111111 0.09427083333333339 0.10246527777777778
2 0.3218460648148148 0.21732638888888892 0.08449074074074074 0.09111111111111114
2 0.28466435185185185 0.16420138888888888 0.08784722222222223 0.0975
2 0.3758680555555555 0.38708333333333333 0.12459490740740745 0.12097222222222222
2 0.47905092592592596 0.4263194444444444 0.14728009259259256 0.1438194444444445
2 0.5037905092592593 0.5660763888888889 0.18553240740740745 0.16579861111111108
2 0.572048611111111 0.6553819444444444 0.12488425925925917 0.1287847222222222
2 0.6608506944444444 0.8556770833333334 0.13958333333333323 0.14659722222222235
2 0.8178530092592593 0.7422743055555555 0.10376157407407405 0.10600694444444443
2 0.685474537037037 0.548611111111111 0.06817129629629619 0.0716666666666665
2 0.7671585648148149 0.8947743055555556 0.08327546296296298 0.10041666666666664
2 0.41956018518518523 0.7005034722222222 0.14375 0.1327430555555555
2 0.5050636574074074 0.7272222222222222 0.13287037037037025 0.13381944444444435
2 0.29444444444444445 0.4916493055555556 0.12019675925925925 0.1285763888888889
2 0.24207175925925925 0.5565798611111111 0.13449074074074074 0.13545138888888886
2 0.14716435185185187 0.38159722222222225 0.17152777777777778 0.1667361111111111
2 0.367650462962963 0.48213541666666665 0.09728009259259256 0.0994791666666666