2 0.3375 0.45546875 0.0953125 0.0953125
2 0.43828125 0.43046875 0.09140625 0.08984375
2 0.38828125 0.3171875 0.08046875 0.0796875
2 0.48046875 0.25546875 0.05703125 0.0640625
2 0.496875 0.3171875 0.05625 0.053125
2 0.5671875 0.2953125 0.065625 0.06953125
2 0.58046875 0.23671875 0.059375 0.06796875
2 0.4671875 0.11796875 0.08984375 0.0828125
2 0.34765625 0.2234375 0.15234375 0.11875
2 0.2375 0.34921875 0.13203125 0.07578125
2 0.2171875 0.54453125 0.09921875 0.08359375
2 0.34921875 0.578125 0.07265625 0.09453125
2 0.534375 0.66171875 0.09140625 0.10234375
2 0.625 0.56171875 0.07421875 0.08828125
2 0.51640625 0.53203125 0.128125 0.08203125
2 0.55546875 0.43515625 0.06953125 0.0953125
2 0.65078125 0.43515625 0.0703125 0.08046875
2 0.79375 0.38359375 0.0796875 0.08515625
2 0.73515625 0.2671875 0.10078125 0.10234375
2 0.4265625 0.80625 0.08359375 0.08203125
2 0.33984375 0.653125 0.08515625 0.06328125