2 0.3158680555555556 0.45375 0.13708333333333336 0.13513888888888878
2 0.4123611111111112 0.5126909722222223 0.13048611111111122 0.1271412037037038
2 0.32611111111111113 0.6138136574074075 0.11586805555555557 0.11422453703703717
2 0.40303819444444444 0.7077546296296295 0.08506944444444446 0.08834490740740755
2 0.43953125000000004 0.6487847222222223 0.07989583333333332 0.07726851851851854
2 0.5056770833333333 0.6937615740740741 0.09642361111111111 0.09804398148148152
2 0.5014930555555556 0.7580324074074074 0.08996527777777778 0.0931712962962962
2 0.3465798611111111 0.8455439814814815 0.1255208333333333 0.12075231481481481
2 0.25550347222222225 0.6972627314814815 0.20628472222222224 0.1824421296296297
2 0.17854166666666665 0.5321354166666667 0.16805555555555557 0.12981481481481474
2 0.2177083333333333 0.32210648148148147 0.13666666666666671 0.12576388888888887
2 0.3651388888888889 0.33025462962962965 0.11329861111111113 0.1266319444444445
2 0.5845833333333333 0.3041956018518518 0.135798611111111 0.14134259259259263
2 0.6475868055555555 0.436880787037037 0.11302083333333321 0.1203819444444445
2 0.5245486111111111 0.4319212962962963 0.16663194444444435 0.13289351851851858
2 0.5366493055555555 0.545775462962963 0.11010416666666671 0.12497685185185184
2 0.6350173611111111 0.5764988425925927 0.10472222222222224 0.10921296296296283
2 0.7677256944444444 0.6758275462962964 0.11763888888888907 0.11895833333333332
2 0.6712847222222222 0.7764699074074073 0.1453125 0.14474537037037044
2 0.5169444444444444 0.1200173611111111 0.11913194444444439 0.11744212962962966
2 0.3787847222222222 0.25005787037037036 0.11361111111111111 0.09855324074074075