2 0.24711805555555558 0.48315972222222214 0.1373611111111111 0.13537037037037045
2 0.3461458333333333 0.4221643518518518 0.12934027777777776 0.12593750000000004
2 0.2570138888888889 0.31914351851851847 0.11500000000000003 0.11333333333333329
2 0.3357465277777778 0.22205439814814815 0.0847569444444444 0.08811342592592589
2 0.37269097222222225 0.28249421296296295 0.07982638888888882 0.07714120370370373
2 0.44092013888888887 0.23611689814814815 0.09590277777777771 0.09756944444444446
2 0.43614583333333334 0.16966435185185186 0.08798611111111114 0.09282407407407404
2 0.2778125 0.08644675925925925 0.11940972222222221 0.10086805555555556
2 0.1839236111111111 0.23265046296296296 0.20552083333333337 0.1796180555555556
2 0.10590277777777776 0.4031944444444445 0.17 0.127800925925926
2 0.14723958333333334 0.6175983796296297 0.13711805555555556 0.12443287037037046
2 0.2982465277777778 0.6085590277777777 0.11215277777777785 0.1258101851851851
2 0.5234722222222222 0.6352314814814815 0.134375 0.1415972222222223
2 0.5874479166666667 0.49896412037037036 0.11201388888888886 0.11956018518518512
2 0.4623090277777778 0.5042881944444444 0.16694444444444442 0.13090277777777787
2 0.4735069444444445 0.38716435185185183 0.10902777777777786 0.12578703703703695
2 0.5742361111111112 0.35509259259259257 0.10399305555555553 0.11012731481481489
2 0.7101215277777777 0.2529571759259259 0.11666666666666678 0.11803240740740736
2 0.6108333333333333 0.1498611111111111 0.1453819444444445 0.14480324074074075
2 0.4544097222222222 0.8245949074074075 0.11975694444444436 0.11649305555555536
2 0.3127951388888889 0.6922743055555556 0.11305555555555555 0.09613425925925938