0 0.2758622685185185 0.5923900462962963 0.17511574074074074 0.11574074074074084
0 0.6238194444444444 0.8261284722222222 0.10571759259259253 0.09131944444444429
0 0.5799652777777778 0.662962962962963 0.10103009259259252 0.0911458333333334
0 0.7203819444444445 0.6611400462962964 0.16909722222222215 0.12332175925925917
0 0.702667824074074 0.5637152777777779 0.18187499999999995 0.13315972222222214
0 0.2918576388888889 0.3947627314814815 0.10548611111111113 0.08350694444444447
0 0.33923032407407405 0.36061921296296295 0.07818287037037033 0.057523148148148094
0 0.4085243055555556 0.43420138888888893 0.09417824074074073 0.0706018518518519
0 0.45984953703703707 0.5071180555555556 0.07855324074074073 0.0700231481481481
0 0.4758391203703704 0.38831018518518523 0.07414351851851855 0.07922453703703702
0 0.6213194444444444 0.4256944444444445 0.12731481481481488 0.08275462962962958
0 0.6668518518518518 0.38211805555555556 0.08636574074074073 0.0703125
0 0.38356481481481486 0.724363425925926 0.07538194444444449 0.06834490740740744
0 0.4731770833333334 0.8252314814814815 0.1414236111111112 0.08483796296296298