0 0.28671875 0.384375 0.14921875 0.0734375
0 0.64375 0.2484375 0.08515625 0.065625
0 0.57578125 0.3890625 0.08046875 0.0671875
0 0.703125 0.4234375 0.14140625 0.0828125
0 0.67109375 0.509375 0.1515625 0.08828125
0 0.26796875 0.57109375 0.0859375 0.05859375
0 0.30546875 0.61328125 0.0640625 0.0390625
0 0.38203125 0.56171875 0.07890625 0.046875
0 0.440625 0.50625 0.0625 0.0515625
0 0.43515625 0.61953125 0.05546875 0.0625
0 0.5734375 0.6171875 0.10859375 0.0515625
0 0.6078125 0.66875 0.06953125 0.05
0 0.4078125 0.2875 0.06015625 0.05
0 0.50546875 0.21484375 0.12265625 0.04921875