0 0.7635532407407407 0.6017418981481482 0.17340277777777793 0.11203703703703702
0 0.40428240740740745 0.7871759259259259 0.10281249999999993 0.08964120370370363
0 0.45509259259259255 0.62953125 0.09812499999999993 0.08939814814814824
0 0.31390625 0.6073553240740741 0.16572916666666665 0.12100694444444446
0 0.33488425925925924 0.5107118055555555 0.1783449074074074 0.1294675925925926
0 0.7548090277777778 0.40035300925925926 0.1026967592592591 0.08182870370370363
0 0.7085127314814814 0.3588599537037037 0.07578703703703696 0.05701388888888888
0 0.6356423611111112 0.42232060185185183 0.09313657407407412 0.06884259259259266
0 0.5814872685185185 0.48909722222222224 0.07594907407407411 0.06795138888888878
0 0.5700115740740741 0.3665335648148148 0.06986111111111111 0.07856481481481481
0 0.4219849537037037 0.3838773148148148 0.12608796296296293 0.0799189814814815
0 0.3781597222222222 0.33391203703703703 0.08376157407407403 0.06835648148148152
0 0.6492361111111111 0.7185648148148148 0.07280092592592595 0.06622685185185198
0 0.5564293981481482 0.8083564814814815 0.1385879629629631 0.08056712962962961