0 0.15722800925925925 0.8691956018518517 0.06607638888888889 0.061423611111111144
0 0.21453703703703705 0.9062731481481482 0.06472222222222221 0.08953703703703723
0 0.20998263888888888 0.8188020833333333 0.08489583333333331 0.07093750000000014
0 0.30530092592592595 0.7134027777777778 0.10087962962962962 0.1194907407407408
0 0.32233217592592595 0.79765625 0.05671296296296298 0.06291666666666665
0 0.4733912037037037 0.7285648148148148 0.12247685185185198 0.08215277777777778
0 0.4538541666666667 0.6224537037037037 0.08649305555555564 0.07563657407407405
0 0.45174768518518515 0.5490277777777777 0.20226851851851854 0.0968055555555555
0 0.6224479166666667 0.49463541666666666 0.08815972222222221 0.08971064814814814
0 0.6761111111111111 0.35594907407407406 0.061550925925925884 0.08326388888888889
0 0.811880787037037 0.2268113425925926 0.20407407407407413 0.1296296296296296
0 0.8514872685185185 0.09265046296296296 0.2654745370370371 0.18530092592592592