0 0.34946180555555556 0.943142361111111 0.08302083333333332 0.08390046296296276
0 0.41585069444444445 0.9389178240740741 0.09399305555555557 0.08603009259259267
0 0.3753298611111111 0.8753182870370371 0.10371527777777771 0.1021412037037038
0 0.4144791666666666 0.7364120370370371 0.13916666666666658 0.15236111111111122
0 0.46682291666666664 0.8040914351851851 0.07673611111111107 0.08201388888888879
0 0.5734027777777777 0.6726388888888889 0.14177083333333335 0.1290856481481482
0 0.5089409722222222 0.5875983796296296 0.10850694444444446 0.1070717592592592
0 0.47543402777777777 0.5228530092592593 0.21781249999999996 0.17984953703703715
0 0.6047916666666666 0.39569444444444446 0.11659722222222228 0.11997685185185185
0 0.5929166666666668 0.2484837962962963 0.08965277777777772 0.10141203703703701
0 0.6577777777777778 0.08715567129629628 0.23406249999999992 0.17431134259259257
0 0.6362673611111112 0.037523148148148146 0.3100347222222222 0.07504629629629629