0 0.16484375 0.171875 0.0578125 0.05234375
0 0.215625 0.134375 0.0546875 0.07890625
0 0.215625 0.21484375 0.07421875 0.0609375
0 0.309375 0.3078125 0.08671875 0.1046875
0 0.3203125 0.22890625 0.04921875 0.0546875
0 0.46328125 0.284375 0.10859375 0.06875
0 0.4515625 0.3828125 0.0765625 0.065625
0 0.45390625 0.45078125 0.18203125 0.078125
0 0.61328125 0.49140625 0.07734375 0.07734375
0 0.6703125 0.615625 0.053125 0.0734375
0 0.8015625 0.72734375 0.18203125 0.1078125
0 0.8484375 0.8703125 0.23515625 0.2