2 0.38930555555555557 0.7019444444444444 0.1059606481481481 0.1506944444444443
2 0.5119791666666667 0.889704861111111 0.06306712962962954 0.07322916666666686
2 0.6129456018518519 0.8981944444444444 0.0628819444444444 0.06697916666666685
2 0.6409201388888889 0.8410416666666667 0.05341435185185191 0.06364583333333336
2 0.710480324074074 0.8699131944444444 0.05359953703703706 0.06989583333333335
2 0.7601099537037037 0.753125 0.06122685185185191 0.06381944444444443
2 0.8849884259259259 0.7254513888888889 0.06288194444444457 0.06697916666666667
2 0.7467592592592592 0.6450868055555555 0.05061342592592588 0.07451388888888885
2 0.5474652777777778 0.6117708333333333 0.07626157407407419 0.0969444444444445
2 0.646869212962963 0.725625 0.07230324074074072 0.06875
2 0.6593692129629629 0.6205034722222222 0.05208333333333339 0.0714236111111111
2 0.5178298611111111 0.5338194444444444 0.04394675925925924 0.06031250000000003
2 0.4686805555555555 0.5350694444444445 0.06513888888888886 0.09045138888888893
2 0.47940972222222217 0.42288194444444444 0.10081018518518511 0.13496527777777773
2 0.2686863425925926 0.3463715277777778 0.06619212962962964 0.07329861111111109
2 0.40040509259259255 0.18065972222222224 0.07271990740740755 0.0828125
2 0.6427546296296296 0.2969097222222222 0.11809027777777778 0.13847222222222227
2 0.7858217592592593 0.2243576388888889 0.09284722222222222 0.0770138888888889
2 0.836712962962963 0.4136458333333334 0.05373842592592624 0.07458333333333336
2 0.7382060185185185 0.4091145833333334 0.0815509259259258 0.11736111111111107
2 0.707667824074074 0.5114930555555556 0.10916666666666668 0.10079861111111103
2 0.8995196759259259 0.5571354166666667 0.12511574074074047 0.11208333333333335