2 0.628125 0.3140625 0.0953125 0.14375
2 0.51953125 0.128125 0.05625 0.06875
2 0.4203125 0.1171875 0.05859375 0.06328125
2 0.3890625 0.1734375 0.04921875 0.06015625
2 0.321875 0.14453125 0.04921875 0.06484375
2 0.26640625 0.259375 0.05625 0.059375
2 0.140625 0.284375 0.0578125 0.0625
2 0.271875 0.36484375 0.0453125 0.07109375
2 0.465625 0.40078125 0.06875 0.090625
2 0.37578125 0.2875 0.0671875 0.06484375
2 0.35703125 0.390625 0.04765625 0.06640625
2 0.490625 0.47734375 0.03984375 0.0578125
2 0.5390625 0.4765625 0.05859375 0.0859375
2 0.521875 0.58671875 0.090625 0.12734375
2 0.72421875 0.665625 0.0609375 0.06875
2 0.584375 0.82578125 0.0671875 0.07734375
2 0.3515625 0.709375 0.10859375 0.13046875
2 0.20703125 0.778125 0.0859375 0.071875
2 0.16953125 0.59140625 0.0484375 0.0703125
2 0.265625 0.59765625 0.0734375 0.11171875
2 0.3015625 0.496875 0.1015625 0.09296875
2 0.115625 0.45 0.11640625 0.103125