2 0.4175347222222222 0.7180150462962963 0.16059027777777768 0.18866898148148153
2 0.6052025462962962 0.8662962962962963 0.0889120370370371 0.09596064814814831
2 0.7126851851851852 0.8366203703703704 0.08881944444444442 0.08971064814814796
2 0.7215624999999999 0.7648032407407408 0.07778935185185176 0.08337962962962955
2 0.8035590277777779 0.7677546296296296 0.07942129629629627 0.08807870370370363
2 0.8150173611111111 0.627199074074074 0.08408564814814809 0.08655092592592588
2 0.9357175925925926 0.5491782407407408 0.08725694444444443 0.08969907407407404
2 0.7666030092592593 0.5197974537037038 0.07792824074074076 0.09275462962962955
2 0.5511226851851851 0.5611747685185184 0.11120370370370374 0.12424768518518511
2 0.6897858796296296 0.641898148148148 0.09670138888888893 0.09445601851851855
2 0.6680381944444445 0.5276620370370371 0.07788194444444443 0.08962962962962955
2 0.49509837962962966 0.49278356481481483 0.06675925925925927 0.07704861111111114
2 0.4447858796296297 0.5135069444444444 0.09854166666666657 0.11321759259259263
2 0.41923611111111114 0.39221064814814816 0.14939814814814803 0.17140046296296294
2 0.17700231481481482 0.3935416666666667 0.09206018518518518 0.0975462962962963
2 0.25766782407407407 0.16989583333333333 0.10315972222222225 0.10856481481481484
2 0.5455902777777778 0.19624999999999998 0.16984953703703703 0.18092592592592593
2 0.6686400462962963 0.06511574074074074 0.12037037037037042 0.11025462962962962
2 0.7832118055555556 0.24254629629629632 0.08105324074074076 0.09277777777777771
2 0.6803703703703704 0.2753819444444444 0.12402777777777771 0.1462152777777778
2 0.6832870370370371 0.3949479166666666 0.14578703703703705 0.13856481481481478
2 0.8954340277777778 0.3676099537037037 0.16479166666666673 0.15589120370370377